280 
13     83     0 
13     242     1 
13     84     1 
13     170     1 
13     183     1 
13     85     2 
13     9     2 
13     274     0 
13     30     1 
13     125     1 
13     138     2 
13     235     2 
13     40     2 
13     143     1 
13     127     1 
13     137     0 
13     27     1 
20     29     0 
20     202     0 
20     215     2 
20     14     2 
20     56     0 
20     260     0 
20     78     0 
33     21     0 
33     36     0 
33     147     2 
33     175     2 
33     209     2 
33     105     2 
33     230     0 
33     34     2 
33     22     0 
33     35     2 
33     38     2 
33     37     2 
33     210     2 
46     63     0 
55     24     0 
55     15     2 
55     41     2 
55     50     2 
55     48     2 
55     70     2 
55     87     2 
55     98     2 
55     157     2 
55     102     2 
55     126     0 
55     139     2 
55     148     2 
55     159     2 
55     171     2 
55     176     2 
55     178     2 
55     195     2 
55     262     2 
55     106     2 
55     250     2 
55     257     2 
55     267     2 
55     269     2 
55     75     2 
55     207     2 
55     54     2 
55     250     2 
72     222     0 
72     76     2 
72     66     0 
72     77     0 
109     101     0 
109     200     2 
109     97     2 
109     238     0 
109     272     0 
109     282     0 
109     275     0 
109     283     0 
117     191     0 
117     192     0 
118     186     0 
118     108     2 
118     210     2 
118     241     0 
118     142     0 
118     221     0 
118     6     2 
118     11     2 
118     28     0 
118     82     2 
118     86     2 
118     237     2 
118     266     2 
118     218     0 
118     115     0 
118     265     0 
128     59     0 
131     69     2 
131     12     2 
131     179     2 
131     132     0 
131     55     2 
131     154     2 
131     208     0 
131     205     2 
131     177     0 
131     236     2 
131     201     2 
131     204     2 
131     10     0 
131     277     0 
131     44     1 
131     93     0 
131     185     0 
131     23     0 
131     42     0 
131     16     2 
131     7     2 
131     70     2 
131     220     0 
131     12     2 
131     4     2 
131     64     0 
131     2     0 
131     123     0 
131     122     0 
131     136     0 
131     194     0 
131     244     0 
131     94     0 
131     246     0 
131     166     0 
131     100     0 
131     271     0 
131     193     0 
131     119     0 
131     146     0 
131     112     0 
131     248     0 
131     253     0 
131     264     0 
131     134     2 
131     17     2 
131     107     2 
131     258     2 
131     74     0 
131     0     2 
131     110     2 
131     62     0 
131     111     0 
131     52     0 
131     167     0 
131     60     0 
131     96     0 
131     95     0 
131     228     0 
131     92     0 
131     249     0 
131     150     0 
140     47     2 
140     103     0 
145     196     2 
145     182     0 
145     144     2 
145     251     2 
145     116     0 
145     216     2 
145     71     2 
145     5     0 
155     90     0 
155     129     2 
155     61     0 
155     161     0 
155     231     0 
155     232     0 
158     124     0 
158     162     0 
158     49     2 
158     99     2 
158     85     2 
158     114     0 
158     1     0 
158     163     0 
158     224     0 
158     273     0 
158     31     0 
158     43     0 
158     279     0 
158     65     0 
158     243     0 
158     281     0 
158     211     0 
158     245     0 
158     280     0 
158     130     2 
158     121     2 
158     91     0 
158     164     0 
159     4     2 
159     55     2 
159     156     2 
159     107     2 
159     128     2 
159     187     2 
159     197     2 
159     226     0 
159     106     2 
159     268     2 
159     225     0 
159     160     0 
159     135     0 
159     169     2 
159     188     2 
159     53     2 
159     214     2 
159     247     0 
159     120     2 
159     206     2 
159     39     2 
159     257     2 
159     8     2 
159     88     0 
159     32     0 
159     14     2 
159     89     0 
159     184     0 
159     229     0 
159     80     2 
159     19     2 
159     190     0 
159     151     0 
159     278     0 
159     168     0 
159     199     0 
159     141     0 
159     212     0 
159     263     0 
159     128     0 
159     240     0 
159     172     2 
159     57     0 
173     25     0 
173     18     0 
173     217     2 
173     149     0 
173     254     0 
173     256     0 
173     3     0 
173     174     2 
198     203     0 
239     180     0 
239     181     0 
239     223     0 
239     165     0 
239     153     0 
239     152     0 
239     58     0 
252     104     0 
259     233     2 
259     213     2 
259     234     0 
259     26     0 
259     79     0 
259     159     2 
259     107     2 
259     4     2 
259     189     2 
259     45     0 
259     227     0 
259     276     0 
259     73     2 
259     113     0 
259     133     0 
259     67     0 
255     260     0 
261     81     0 
261     51     2 
261     219     0 
261     270     0 
261     68     0 
